version https://git-lfs.github.com/spec/v1
oid sha256:2c0f97f8ea7865750ea3d01209c107118b23a3ad4f2998faea5b1284ad372850
size 352
