version https://git-lfs.github.com/spec/v1
oid sha256:7cab9d8d77da3dd366c17492ea2c109e95ed00844fce9a93dca1958f2f8697a6
size 450
