version https://git-lfs.github.com/spec/v1
oid sha256:c31896ccc8f8252f2dc8a93ba350a4b7e3cf1da53ab64ded3aeebc3df806ee22
size 491
