version https://git-lfs.github.com/spec/v1
oid sha256:64d8f1fca1023d60e5f79399fcc49ecdad86d59bd1c76fce158fc14fd006f591
size 454
