version https://git-lfs.github.com/spec/v1
oid sha256:e57a15617bd4052f4a81e5a825d547c7e2f7ab61cc99407f21bdbf77100d3220
size 407
