version https://git-lfs.github.com/spec/v1
oid sha256:75a5f55be78fbfc5aba5eaa4eb652e6285d156f4974dd9429515508946f8ee0c
size 1818
