version https://git-lfs.github.com/spec/v1
oid sha256:8a6dd7144b5e44ffd768e4afe8bce26ad4a82175511ec037b86f096ad76f77c9
size 1138
