version https://git-lfs.github.com/spec/v1
oid sha256:195bca1ca894fad0a62c96f892b92342878a5a9daf15bb4f51997dadad667276
size 922
