version https://git-lfs.github.com/spec/v1
oid sha256:a71dd9a55ee87adb8620139412686056774359d4d1880e68e1eec797f46fd766
size 1565
