version https://git-lfs.github.com/spec/v1
oid sha256:1bb6c156d4562008183efdcab8cb59f57e548e54723278780d47e2abdf80f2be
size 1001
