version https://git-lfs.github.com/spec/v1
oid sha256:864360b1cd9ea97ebfa8828587a49af5079561a9e66fae46c38bbe6f13c7889e
size 1431
