version https://git-lfs.github.com/spec/v1
oid sha256:db6b959d3967927968bef5b443e2a51dd8d4827fa9a5f113adc30b7ba9af28ea
size 395
