version https://git-lfs.github.com/spec/v1
oid sha256:c4a92ea19335d7a389c0c64d4c1adb561857007b752270c1f75bda475d44fb96
size 355
