version https://git-lfs.github.com/spec/v1
oid sha256:c0e21b4c7c58782ad8f1a4fc01c06cbd47ade064d0b58e63ec79422eb97a9e48
size 443
