version https://git-lfs.github.com/spec/v1
oid sha256:4081444a629aa768e0c4c89ee7e43fc7162dbb73e166663695852945f10d5858
size 399
