version https://git-lfs.github.com/spec/v1
oid sha256:50eddfbe4c6eebfbd4065b81075edb9879ce6058711921e95d7b0e5b7b20852b
size 444
