version https://git-lfs.github.com/spec/v1
oid sha256:827e23aa0c8ce41f2aaf072d2a65526e285134d48c47c7c5bfef73d4139b7930
size 668
