version https://git-lfs.github.com/spec/v1
oid sha256:a89c1dd7335c255095ba1cfeadfbd4aff63fc51d04e54a78d87f7655dd3a7acf
size 28052
