version https://git-lfs.github.com/spec/v1
oid sha256:aa017b874e08a4dc2cb744ecf7a12bc79d9398c3f55a7667be540c7a5571da67
size 33565
