version https://git-lfs.github.com/spec/v1
oid sha256:0dc04cdd1a3d54b2e71d755dce69a773f6b0cb999f2c94ffcd742eecbdb9dd24
size 30607
