version https://git-lfs.github.com/spec/v1
oid sha256:8dab42fa3163c9df06ab7448bc93fdb57804c6b649cf19a0659868ca72470651
size 23939
