version https://git-lfs.github.com/spec/v1
oid sha256:035a41ccf712937e93aaf199d0d68e727d9572cc4b7ec2cdd5fdae6b0b3e8896
size 37978
