version https://git-lfs.github.com/spec/v1
oid sha256:21c1792fa637555387b27c8ddcbbe7ee0a7e3c5b079379a37b53ba5516bb9a4b
size 29531
