version https://git-lfs.github.com/spec/v1
oid sha256:37152fcbe8d790d604858515cd7ce17f5892086fa6eedd898f378fe9fa436ef0
size 21284
