version https://git-lfs.github.com/spec/v1
oid sha256:e93bc609f00b9b3e7b5e4e3227cd6e9cd70f9aeed368d7d4638c3a9903a5a3e8
size 21539
