version https://git-lfs.github.com/spec/v1
oid sha256:2969e6468d62e670d9e166ce3221bff02a2c400a31b86609fc91d9884644bfdd
size 29875
