version https://git-lfs.github.com/spec/v1
oid sha256:3236c2338fc84028d535b1ad7ec92ebf5da5acdcdf1168c7af2ccf8970ef2534
size 25669
