version https://git-lfs.github.com/spec/v1
oid sha256:547f839317c7534278153c737b6128b84bca2facb16e0de2133f60c959c5c500
size 28997
