version https://git-lfs.github.com/spec/v1
oid sha256:0158974ca4febcd9d320e0b92bcc0de623e0eddf19644dd1b5af78f9469aceb8
size 18027
