version https://git-lfs.github.com/spec/v1
oid sha256:c8d008e0d0ffd68ddb10dfe335b1a1476e27bd197d2651c646a418b5d13432b9
size 29814
