version https://git-lfs.github.com/spec/v1
oid sha256:e96097991ef65557310887f43e12e5016197f816ff4860e6625591131d316a68
size 35147
