version https://git-lfs.github.com/spec/v1
oid sha256:b5b07f4e2f1f29af430d95e8041758ff967025782b7ae75b2c7a5465c9137abd
size 20740
