version https://git-lfs.github.com/spec/v1
oid sha256:956b43f0a223151b12ec5c899b96891376b44522f383af1b2ee3a69ba0ebbb83
size 36527
