version https://git-lfs.github.com/spec/v1
oid sha256:6f231264092f992a616ee43bb2ae81474db3d5ee0795a497153ee47461314a69
size 23718
