version https://git-lfs.github.com/spec/v1
oid sha256:951dfd810672757b799b2084943be62b7c7d0726deb0d5b05953d91653eed6e8
size 23053
