version https://git-lfs.github.com/spec/v1
oid sha256:ce55c60dd4469d0f35a005ecb0b89c42db951719b37ef6dec0127f4303ae1bac
size 37798
