version https://git-lfs.github.com/spec/v1
oid sha256:0921f37a67f8caf8023dc6e633ef879cd53cdb88ae21868d45384e3c7fffee1c
size 27096
