version https://git-lfs.github.com/spec/v1
oid sha256:6b7681fd8105e5ec6c9b1de0827e4a537124bfcaeaf9194c04364db0509aef2f
size 29967
