version https://git-lfs.github.com/spec/v1
oid sha256:3ed1c41acf186c58a7b18faddcdf88c6aef5d1f3c444bdcd715906a953af9118
size 21242
