version https://git-lfs.github.com/spec/v1
oid sha256:ffb41f3e4a6a10d2d32fbc07a41d01e2851d3ef4c41294036b67ad5ce910df33
size 26431
