version https://git-lfs.github.com/spec/v1
oid sha256:f937f9e539aec13bef565c0a4176584ab4a714ad8a4ee777c9c1ee696cc242a7
size 27459
