version https://git-lfs.github.com/spec/v1
oid sha256:b622121fd86fb7e8d2dfbb1e5c2fe7ce0b7c5f1516df62935e7a4d8f1e0d5d26
size 24364
