version https://git-lfs.github.com/spec/v1
oid sha256:5ca6961fa92e19492de5a13c9d4fe33c32641b202def869b1942a7059c514abc
size 34818
