version https://git-lfs.github.com/spec/v1
oid sha256:faf86d514d95924cbdb5ee3e7870194fd7b4ce478c7b2bf441905c2fcb1068bf
size 27231
