version https://git-lfs.github.com/spec/v1
oid sha256:23d4140cd983f57c53f8e5e068d77e916220535df414132b8d7eab34c660ed48
size 31719
