version https://git-lfs.github.com/spec/v1
oid sha256:8bb71e8d559311dacb4a91fdd0887a38129091d0d94e2e23fd3ec09b33ae7ea0
size 30800
