version https://git-lfs.github.com/spec/v1
oid sha256:5362976cc3c3764c879f4843c880211d32343c07e56603e488becd84a6dd5de4
size 25542
