version https://git-lfs.github.com/spec/v1
oid sha256:50ef2582006231ebd1571f6a787174ec25b88e524a85da58d5c9354977bd6aba
size 32383
