version https://git-lfs.github.com/spec/v1
oid sha256:18a94495a51d82f7c23c4865e3a94ee301d9a55e0ace28358d29973983fa2d20
size 27398
