version https://git-lfs.github.com/spec/v1
oid sha256:2024a575294694b2be6748897925f8f2a973e6bc3248a6fec26cc54775d78353
size 21773
