version https://git-lfs.github.com/spec/v1
oid sha256:9bf482530f3671e6064c70fdd0f9658cacd611d60aedc18f2a48d05d76de0f53
size 31344
