version https://git-lfs.github.com/spec/v1
oid sha256:a22ce7b42b3fe37ffe50f2d52d7befb8bbdc7a6a314831a2be3d7f6ef04325fa
size 31388
