version https://git-lfs.github.com/spec/v1
oid sha256:ad9d76e1f6cb178e00de0d207a5556061803e8346af2e02cd217ebdb3baa7f67
size 30833
