version https://git-lfs.github.com/spec/v1
oid sha256:3fea8c797a802e955df1036c511923e256cee6409fc5ee640b8c1dd7abc21a23
size 28266
