version https://git-lfs.github.com/spec/v1
oid sha256:ecf5270a924c770dc01466378b3326ce23b91dcd366725c3ebcd45fc3fdf1131
size 22612
