version https://git-lfs.github.com/spec/v1
oid sha256:63b37b509212d734f48e8a90a39dfa70570e1d045987bd621d4fe87383f32fd2
size 33789
