version https://git-lfs.github.com/spec/v1
oid sha256:dc54fea99d083f4a9e1843e12344254d1dea63c43d866426b3300547e987e9a1
size 30211
