version https://git-lfs.github.com/spec/v1
oid sha256:da2eb1c2c2638d0cecca0057ae962c249ec873024e710a31bfc452cc6bbd9012
size 33026
