version https://git-lfs.github.com/spec/v1
oid sha256:c06ef5e5c85383b13e717cb55bd408a3c1c2fd370dcd6b3b165b0fd5fd86da0a
size 36218
