version https://git-lfs.github.com/spec/v1
oid sha256:97c4fad4686c0053bd83c7a7be4ed893cc207b88616b2f779b4f81ec5ae9edf3
size 27751
