version https://git-lfs.github.com/spec/v1
oid sha256:b7e579d35b6a3e693dfa63b569c16a9426a6c2306e1b5c58782c9cd6fdb3b50f
size 36612
