version https://git-lfs.github.com/spec/v1
oid sha256:1b7b5e7025fdb8401d8046ef99901c7c5ba497bde10d0361c83fe58049547c58
size 24491
