version https://git-lfs.github.com/spec/v1
oid sha256:4c3f0f9f34dfd6f0019a95945a6da6f36396141475d16e5b333e1ac75c68d044
size 24761
