version https://git-lfs.github.com/spec/v1
oid sha256:cf37fa59dbc1efe48f7b9971841c8dd4aaf3b7655a4fbaa22677fe5d7a3813b9
size 28243
