version https://git-lfs.github.com/spec/v1
oid sha256:36fce9daa3e0eaead3b8b232fd08b8a77507db56ad5f6e4f92d51e35efbf7425
size 21082
