version https://git-lfs.github.com/spec/v1
oid sha256:141dfd46d92ef6f5998d9f68386bc95982329abcd040c487ad719711d7424409
size 27098
