version https://git-lfs.github.com/spec/v1
oid sha256:de1c547448edf6da4dfe8179244c8df545c158985493a46737494534af7048bd
size 27343
