version https://git-lfs.github.com/spec/v1
oid sha256:48c1f0ae75f81c872d750c5a274a71371e9141f2b93bf450f5a06725bb2857da
size 26516
