version https://git-lfs.github.com/spec/v1
oid sha256:8ea92e226568ae25e3ed078b1e266a11c116e75527cff845918146ab892ec27e
size 25208
