version https://git-lfs.github.com/spec/v1
oid sha256:776f6d6c9edd56a2c199e9c74b30b36f9960cf0ab55837728ac4eee5e9cab805
size 21805
