version https://git-lfs.github.com/spec/v1
oid sha256:dddfd3fb159dd5095e0f1f0525b29028c432fff2286c8e956c8ccbcaec71c739
size 33070
