version https://git-lfs.github.com/spec/v1
oid sha256:b4af1eef0a134db886117a9f8a5ca380dbf2b637ffc18ed91e9fcb4553917131
size 26375
