version https://git-lfs.github.com/spec/v1
oid sha256:751a08fc8676e420d23f9de2cb94cc13df55c1b14f6cb897bb2e2768ac788668
size 37909
