version https://git-lfs.github.com/spec/v1
oid sha256:7086d7987d913a23cee4d5b2bc2840d94f78dbdaffb64973c60d4d6061ab842c
size 32692
