version https://git-lfs.github.com/spec/v1
oid sha256:f75e1909a52371bdfeda55b6bd2e180fa7a508b07e902070409eef54cbd87d6c
size 27355
