version https://git-lfs.github.com/spec/v1
oid sha256:807362d475a51a415ac29af024fa9fbb447ad8329e1074c6b5df5d751bc3d9d2
size 28301
