version https://git-lfs.github.com/spec/v1
oid sha256:22097fc93e0892a8c8436ae4905f07f31f90f11fa7acdc14e9b1dc38dad19f38
size 20253
