version https://git-lfs.github.com/spec/v1
oid sha256:c9f840eb35b6004a96138092d388e5f2f527ff91f6a442a724ae17d246bdae13
size 20284
