version https://git-lfs.github.com/spec/v1
oid sha256:807d96458338e6399e1d8d30ec4b213de57245061636183af4baa1b8eb0132d9
size 26398
