version https://git-lfs.github.com/spec/v1
oid sha256:0cbdc21bbdc6a3c54a914a4929130293adfe6bfbf70565681416d95d23abf789
size 24189
