version https://git-lfs.github.com/spec/v1
oid sha256:451a25d740479b550e6443b81e48b0300917b2b3bd8a0d65adb5e09e1b28a7dc
size 26436
