version https://git-lfs.github.com/spec/v1
oid sha256:8337db43eaf2ff74d01aa1da1d29a5687e166b27080779913d41438913c493f4
size 19464
