version https://git-lfs.github.com/spec/v1
oid sha256:2703d59298615a26491963b1bc5df5bf0d7646efcd38103c8b2be69272faf15f
size 38864
