version https://git-lfs.github.com/spec/v1
oid sha256:fec5a543edc24571bf1435f1ed968c33a54765a83d87c45f0e1c3a0dcb9e6d0d
size 26627
