version https://git-lfs.github.com/spec/v1
oid sha256:51f7aa5771adcbd3723d1708e5f70a7e5a5759941e04c59f167187491a0e0ca6
size 30935
