version https://git-lfs.github.com/spec/v1
oid sha256:003588e0001fd8e01e8bc95001751e520bc1ddb9b42ec33f23614f4f763e91a8
size 25088
