version https://git-lfs.github.com/spec/v1
oid sha256:19748224d24054cd294c1214649b45e0057df33fbe44f77767224114eb7e51ea
size 24597
