version https://git-lfs.github.com/spec/v1
oid sha256:4b71e49d7c02d0eceb22971c51f21c999ffddbd3894cbb061f5f6cb893f9543d
size 25883
