version https://git-lfs.github.com/spec/v1
oid sha256:5ff310e42db0c3d96a9b843c1910f834f4a7c8f5c03b9f8d6a9dd083b39d32cf
size 23725
