version https://git-lfs.github.com/spec/v1
oid sha256:be1c46578cde19c489d19d4ccbbf95e93729695e713e42095549fc6378b217c5
size 36357
