version https://git-lfs.github.com/spec/v1
oid sha256:fa1981aa1224185d715b93d4ed6c8944266530311dec28ca052fa459dacc24f9
size 25212
