version https://git-lfs.github.com/spec/v1
oid sha256:947b7191502f6d3e2e8de8b32c4d0994b2138a239a38e3ba4a92c7cbdd720053
size 35063
