version https://git-lfs.github.com/spec/v1
oid sha256:a7e512c235a10891059f436b1dd48ecf507680e108f2d21ddb43b3a6f5e9174a
size 26752
