version https://git-lfs.github.com/spec/v1
oid sha256:f97c141c2a04141f931703c25efa662b4b1b8a06de7a367241c7bb1f203088aa
size 34511
