version https://git-lfs.github.com/spec/v1
oid sha256:7469c8cf880eb0c84b444c72c7ad07da66a3cadc4b156048fde152da5a1ff295
size 32310
