version https://git-lfs.github.com/spec/v1
oid sha256:5edc084cb2501f69db5b3978c49139ed526acbf5856b8b5d1708caca966d86b3
size 25369
