version https://git-lfs.github.com/spec/v1
oid sha256:7c9dece9a761bf502a9289d5f7e064e4598267fb2bde6e319dd2d0aa708e4fe8
size 29289
