version https://git-lfs.github.com/spec/v1
oid sha256:bc0128f314b8d6b9485fc6f5df42fcbc9c5849b5efc06c92b9d1099b58e974ba
size 26302
