version https://git-lfs.github.com/spec/v1
oid sha256:403aebc5c5923f4468a3b95399912da21c90728473848324afe4277a1542c8cd
size 24913
