version https://git-lfs.github.com/spec/v1
oid sha256:119b0e51a9589d5e7d463cbfd3966af9c47ac5044fce8c98ed8c222d198ecd3d
size 26309
