version https://git-lfs.github.com/spec/v1
oid sha256:a7c063dbbdda93f61130bc08b1abbc5b486cd5d4f113b874fdd05d3183a6981f
size 32185
