version https://git-lfs.github.com/spec/v1
oid sha256:1569a425a0ddf10e90254ae974819cd59d99223f02086af0c66329f7e2fd9494
size 36958
