version https://git-lfs.github.com/spec/v1
oid sha256:8c705445e3b127e340d3ec57bcc64e1a1ce29ed899e4dbb98aa11d7a4e11fca4
size 37089
